-160.000000	-1216.000000	-8.000000
-176.000000	-880.000000	72.000000
-416.000000	-1216.000000	56.000000
-1536.000000	1360.000000	416.000000
-424.000000	-1472.000000	64.000000
-424.000000	-1840.000000	64.000000
-160.000000	-3504.000000	304.000000
128.000000	-3504.000000	304.000000
-816.000000	-624.000000	-80.000000
-504.000000	-2520.000000	24.000000
0.000000	-1648.000000	48.000000
-752.000000	-1192.000000	112.000000
-312.000000	-448.000000	160.000000
-144.000000	-752.000000	120.000000
96.000000	-720.000000	296.000000
96.000000	-1584.000000	296.000000
928.000000	-712.000000	168.000000
96.000000	128.000000	296.000000
0.000000	32.000000	296.000000
-600.000000	520.000000	296.000000
-704.000000	-928.000000	-56.000000
-904.000000	160.000000	-128.000000
-2144.000000	48.000000	-152.000000
-1728.000000	-736.000000	-104.000000
-2112.000000	-1824.000000	-120.000000
-912.000000	-2960.000000	-80.000000
-112.000000	-448.000000	8.000000
456.000000	-2648.000000	-88.000000
512.000000	-1776.000000	-16.000000
512.000000	-1024.000000	80.000000
512.000000	-272.000000	64.000000
512.000000	-800.000000	-64.000000
512.000000	-1536.000000	-64.000000
512.000000	-2048.000000	-64.000000
512.000000	-2512.000000	-64.000000
320.000000	-2704.000000	-64.000000
-304.000000	-2704.000000	-64.000000
-304.000000	-448.000000	-96.000000
-1816.000000	-2976.000000	-64.000000
-1816.000000	-2208.000000	-64.000000
-1816.000000	-1440.000000	-64.000000
-1848.000000	-672.000000	-64.000000
-1816.000000	96.000000	-64.000000
-1440.000000	448.000000	-64.000000
-1216.000000	96.000000	-64.000000
-1216.000000	-672.000000	-64.000000
-1216.000000	-1440.000000	-64.000000
-1216.000000	-2208.000000	-64.000000
-152.000000	-1464.000000	-32.000000
512.000000	-1264.000000	-64.000000
512.000000	-40.000000	-64.000000
512.000000	-496.000000	-64.000000
-624.000000	-448.000000	-96.000000
-128.000000	-1848.000000	-16.000000
-1216.000000	-2976.000000	-64.000000
-40.000000	-1272.000000	560.000000
-2144.000000	48.000000	-192.000000
-1726.000000	-736.000000	-149.000000
-2112.000000	-1824.000000	-157.000000
-912.000000	-2960.000000	-102.000000
96.000000	128.000000	257.000000
288.000000	-2064.000000	128.000000
96.000000	-1584.000000	257.000000
96.000000	-720.000000	257.000000
0.000000	32.000000	257.000000
-904.000000	160.000000	-160.000000
-600.000000	520.000000	257.000000
-312.000000	-448.000000	113.000000
-704.000000	-928.000000	-94.000000
-754.000000	-1193.000000	65.000000
-144.000000	-752.000000	78.000000
0.000000	-1648.000000	3.000000
0.000000	-2320.000000	53.000000
-808.000000	-2104.000000	-128.000000
-360.000000	-2880.000000	177.000000
264.000000	-3512.000000	280.000000
-784.000000	-3536.000000	257.000000
828.000000	-2764.000000	26.000000
912.000000	-1656.000000	-34.000000
928.000000	-712.000000	130.000000
-486.000000	-1588.000000	72.000000
-6916.000000	-740.000000	-104.000000
-6438.000000	-184.000000	-116.000000
-284.000000	-3424.000000	418.000000
251.000000	-3680.000000	418.000000
251.000000	-3424.000000	418.000000
-36.000000	-3424.000000	569.000000
-402.000000	-3153.000000	291.000000
-286.000000	-3424.000000	424.000000
-38.000000	-3551.000000	565.000000
254.000000	-3680.000000	424.000000
254.000000	-3424.000000	424.000000
-36.000000	-3424.000000	568.000000
960.000000	-2117.750000	325.567993
0.000000	0.000000	0.000000
0.000000	176.000000	0.000000
0.000000	-868.440002	0.000000
0.000000	-258.156006	0.000000
0.000000	-375.424011	0.000000
515.044617	-2319.905762	-95.689590
119.239998	-1201.599976	256.000000
527.953430	-2504.558838	-77.723572
477.487549	-2657.463867	-95.250954
30.766556	0.000000	7.000000
345.067139	-2705.807129	-84.795563
960.000000	-1137.380005	325.040985
-516.898315	-2747.617920	-84.694046
9.915820	-1332.150024	334.458008
0.360608	-1308.250000	332.882996
-2543.209961	-1194.020020	394.707001
-1258.000000	-1223.000000	251.000000
-1508.000000	-1223.000000	251.000000
-2208.580078	-925.322021	-1.542010
-2224.699951	-905.258972	-3.117000
-272.000000	-2652.719971	-8.000000
240.000000	-2652.719971	-8.000000
460.720001	-2472.000000	-8.000000
460.720001	-2248.000000	-8.000000
460.720001	-2024.000000	-8.000000
460.720001	-1272.000000	-8.000000
-40.000000	-536.000000	424.000000
-464.000000	-3344.000000	296.000000
-192.000000	-3328.000000	280.000000
224.000000	-3232.000000	280.000000
0.000000	-3232.000000	280.000000
-112.000000	-3120.000000	264.000000
-16.000000	-2976.000000	216.000000
64.000000	-2784.000000	104.000000
80.000000	-2560.000000	72.000000
0.000000	-1968.000000	352.000000
-128.000000	-1664.000000	368.000000
-272.000000	-1504.000000	352.000000
118.273605	-3525.452148	279.265991
-54.774956	-3524.517334	266.031250
-161.446930	-3656.918457	266.031250
-52.192520	-3847.757568	354.882813
-49.271130	-3433.106445	266.031250
-125.287445	-3304.031982	264.040283
-369.943268	-3271.153564	266.031250
-485.646484	-3294.235840	266.031250
-571.954529	-3466.958252	266.031250
-607.480957	-3267.330811	266.031250
-594.405945	-3057.602539	266.031250
-675.349304	-2927.588135	266.031250
-792.367065	-2947.286621	266.031250
-796.104126	-3088.153564	269.895477
-688.426941	-3189.622803	266.027649
-681.810791	-3456.150146	266.027649
-853.564392	-3502.927979	282.031250
-876.061157	-3275.072510	282.031250
-857.381836	-2967.334229	282.031250
-901.472595	-2836.858398	282.031250
-700.612793	-2847.675781	266.031250
-563.905090	-2849.036377	250.031250
-558.882996	-2805.165527	250.031250
-721.274719	-2812.535889	266.031250
-810.280945	-2653.145264	138.031250
-799.562866	-2505.188477	26.031250
-675.304321	-2432.961914	-53.968750
-541.287781	-2499.124756	-88.378540
-582.217224	-2573.565186	-84.562157
-733.434875	-2776.371094	-77.957748
-657.337402	-2644.326416	-82.807388
-516.898315	-2747.617920	-84.694046
-384.964050	-2713.453369	-86.428474
91.550537	-2708.916504	-99.963211
345.067139	-2705.807129	-84.795563
477.487549	-2657.463867	-95.250954
527.953430	-2504.558838	-77.723572
515.044617	-2319.905762	-95.689590
511.242493	-2166.093018	-97.593674
512.576416	-2020.751709	-95.341263
591.531311	-1878.519775	-99.538879
622.851074	-1747.847900	-107.845627
490.916168	-1677.328369	-94.957642
413.613922	-1802.106079	-96.838951
508.255219	-1814.523560	-110.157990
503.840332	-1492.052368	-72.508064
508.827087	-1278.595825	-76.744156
513.016235	-1165.031006	-90.639252
437.027008	-1057.947266	-94.861397
449.360626	-944.662231	-106.561562
564.412109	-927.286926	-96.054657
637.934326	-1015.064575	-104.174934
593.119141	-1114.440552	-105.388168
495.422852	-1026.239014	-114.299309
522.712463	-357.598755	-97.097664
375.633148	-245.585007	-89.788033
438.602905	-353.997375	-94.233353
585.418457	-331.679260	-117.066902
622.270813	-209.112915	-102.354767
525.387634	-141.260513	-87.039925
469.773926	-236.088211	-112.345192
623.634277	-143.206848	147.475449
387.914001	-142.128479	153.968094
350.786072	-333.565338	154.031250
483.074890	-447.627319	153.642380
649.255859	-381.418488	154.013031
687.968750	-251.687286	154.012939
364.221222	-406.557129	266.031250
433.336761	-451.174866	266.031250
519.374939	-463.301849	266.031250
603.433228	-443.181610	266.031250
678.006226	-368.615692	266.031250
703.515808	-273.405029	266.031250
678.693298	-177.552277	266.031250
609.283630	-103.950806	266.031250
507.333862	-80.245880	266.031250
413.916016	-103.964722	266.031250
344.649994	-172.653809	266.031250
322.980713	-246.074097	266.031250
244.208267	-270.678406	266.031250
302.829010	-67.483490	266.031250
190.210281	-2.426825	266.031250
110.196518	94.447342	266.031250
225.087158	141.644882	266.031250
196.659821	65.814751	266.031250
185.960541	-121.723526	266.031250
89.230347	-147.667374	266.031250
222.065674	-319.665161	266.031250
132.768799	-418.761230	266.031250
251.087814	-467.000580	266.031250
206.979355	-524.796082	266.031250
123.924911	-677.350952	266.031250
204.159607	-692.123718	266.031250
299.013275	-558.813599	250.031250
472.659058	-557.738281	138.913895
640.201904	-558.936584	137.681091
797.077332	-495.600708	138.031250
842.721680	-359.332733	155.860916
807.427612	-176.728119	217.895493
881.905029	-160.379990	238.260635
853.481201	-38.561695	258.270447
912.147827	113.833443	306.005432
820.415771	110.391731	272.964874
698.133423	142.768204	234.038544
611.794983	69.084312	210.361893
470.312012	92.569946	161.212250
343.884308	80.242569	138.031250
343.917053	0.624896	138.031250
545.745483	69.926559	186.731354
396.803040	153.999420	186.031250
285.867279	148.229614	258.031250
863.570068	-610.861206	138.031250
759.793823	-664.553101	138.031250
601.837585	-679.646057	107.714401
443.801208	-626.695984	138.031250
317.124756	-668.605164	138.031250
455.522186	-711.475464	138.031250
610.610352	-734.234253	102.142097
762.955261	-755.813293	138.026978
832.639343	-851.134460	138.031250
782.849182	-916.907715	122.031250
507.776428	-518.980957	266.031250
632.059265	-506.112152	266.031250
734.087341	-424.566101	266.031250
769.788391	-308.314545	266.031250
758.805176	-198.451004	266.031250
703.435242	-90.208443	266.031250
591.455322	-20.904371	266.031250
478.737366	-14.193700	266.031250
206.963226	-797.099487	266.031250
133.596558	-856.806641	266.031250
192.470322	-904.757751	266.031250
337.910522	-938.735718	266.031250
363.274231	-895.209778	266.031250
399.385010	-858.406555	266.031250
442.927917	-837.449646	266.031250
483.842621	-829.347534	266.031250
532.195740	-829.980530	266.031250
575.002380	-837.866516	266.031250
630.651672	-864.516968	266.031250
677.443481	-855.502747	266.031250
678.249573	-819.190247	266.031250
623.160889	-790.503357	266.031250
568.376587	-771.854980	266.031250
515.567017	-766.169983	266.031250
458.350281	-772.653198	266.031250
322.837280	-839.081299	266.031250
143.905228	-1051.059204	106.397102
234.622726	-1020.876282	144.491791
298.167145	-1066.117676	154.031250
318.136902	-1129.983398	154.031250
387.128601	-1152.244629	152.871017
439.811249	-1179.899292	154.031250
498.108459	-1199.993042	154.034302
569.257385	-1187.367554	143.955322
619.744629	-1162.122314	106.031250
687.932129	-991.934143	58.031250
685.682068	-1060.565796	26.031250
644.410522	-1139.968750	-21.968750
323.815094	-993.712219	154.031250
362.728027	-938.555176	154.031250
408.914948	-883.547607	154.031250
504.527618	-848.907471	153.136780
607.248108	-881.291748	152.561676
890.833801	-952.937439	138.031250
713.045654	-1023.230408	122.031250
800.006653	-1098.999756	127.064049
812.968689	-1193.714600	115.610115
881.228699	-1196.926880	107.635811
862.472534	-1320.728027	75.763840
843.566589	-1399.820557	36.712593
741.987244	-1389.989502	28.980646
640.414795	-1346.873535	56.001083
544.263611	-1351.156128	67.010597
463.904755	-1409.296021	79.897629
364.075684	-1457.844849	107.345070
349.332672	-1395.886108	128.126190
425.519409	-1299.692871	170.031250
353.418884	-1307.547485	218.031250
223.466690	-1302.680908	266.031250
300.522095	-1198.368896	266.031250
276.355469	-1160.453247	266.031250
213.347702	-1125.562500	266.031250
115.659363	-1174.094604	266.031250
495.072113	-1222.706299	266.031250
559.458435	-1225.400391	266.031250
624.679382	-1190.890625	266.031250
659.816833	-1198.041382	266.031250
631.594666	-1229.763550	266.031250
561.501160	-1271.763550	266.031250
487.508423	-1277.871216	266.031250
728.582886	-1093.079468	202.031250
773.057861	-1281.736572	78.929153
741.553162	-1452.556396	-4.163453
871.215454	-1481.996704	8.130674
878.954773	-1596.048950	-24.690060
866.537109	-1670.298828	-40.991749
820.140442	-1761.757446	-54.864624
875.754822	-1855.159912	-65.970215
886.189941	-1945.291992	-43.803131
791.779175	-1929.827881	-56.033188
728.224976	-1848.866089	-37.968750
733.004883	-1707.400269	10.031250
598.734314	-1627.478394	42.031250
674.452148	-1608.438965	74.031250
608.140320	-1604.624023	74.031250
642.159729	-1560.778809	74.031250
561.288696	-1561.672607	122.031250
545.216370	-1588.984253	122.031250
530.910278	-1519.778198	122.031250
417.473602	-1523.555786	154.031250
426.408356	-1590.678467	154.031250
366.344208	-1684.160034	153.706924
336.000488	-1772.417725	154.031250
359.947052	-1855.977661	154.031250
424.852875	-1924.515869	154.031250
501.802307	-1957.740356	90.031250
545.075745	-1960.589111	90.031250
487.541840	-2008.867065	90.031250
582.640808	-1945.213257	42.031250
631.177551	-1961.821533	26.031250
657.056641	-1883.666382	-53.968750
759.326904	-1962.881348	-44.244362
840.053772	-2051.211426	-33.059372
869.612000	-2132.520264	-40.356697
820.382935	-2171.320068	-68.295486
738.243652	-2150.917969	-63.331284
663.667297	-2186.650635	-41.643074
668.792969	-2250.661621	-57.583504
737.878235	-2285.924316	-79.290230
823.798523	-2314.163330	-65.382484
860.391296	-2387.618896	-45.004677
795.275879	-2431.917236	-30.123932
721.779358	-2430.566650	-22.861275
633.181274	-2442.116943	0.930050
656.119751	-2505.223877	11.820850
716.005798	-2521.299316	-2.609187
801.128296	-2545.422607	-10.224165
811.580322	-2621.883545	0.944664
759.872437	-2676.760742	18.715080
696.329102	-2706.898682	35.052200
702.925659	-2757.156982	39.436417
766.314819	-2784.958008	25.261494
794.603149	-2831.944580	33.208450
731.081482	-2880.703857	31.533209
645.835754	-2867.038330	56.373463
572.466125	-2823.760498	73.804947
520.946350	-2863.170166	73.804947
561.085571	-2928.288086	73.804947
608.004395	-2989.940186	61.109550
585.644043	-2971.074219	73.804947
478.003967	-2892.956055	73.804947
419.871246	-2910.757813	73.804947
358.185120	-2876.670654	76.547432
288.676880	-2834.691650	73.832527
300.142181	-2759.653564	77.771049
270.107056	-2698.027832	69.737579
202.620575	-2676.108643	57.649967
145.427292	-2722.005859	58.169083
179.660126	-2806.819824	74.246567
200.610367	-2885.320801	107.726364
201.467239	-2953.704590	134.616104
206.697037	-3019.018311	168.888962
217.729080	-3095.160889	203.547012
228.014969	-3174.253174	230.338135
251.160995	-3241.183594	248.328110
319.968750	-3281.757568	266.031250
319.128296	-3202.569824	266.031250
311.077332	-3128.932129	266.031250
302.954712	-3066.762695	266.031250
140.603302	-3036.278564	187.994415
135.111237	-3098.048584	212.531921
144.127365	-3165.829102	229.489578
154.323837	-3242.063721	248.548172
150.994873	-3318.416748	266.031250
69.372444	-3374.321045	266.031250
-0.037600	-3337.016357	266.031250
-15.981421	-3251.282471	250.852905
34.092651	-3197.990234	237.529755
67.044403	-3043.553223	204.362503
45.632408	-2940.385498	156.587738
36.724064	-2855.361816	113.276894
27.075333	-2739.025879	62.542301
-41.035362	-2700.734131	49.275978
-46.160484	-2793.206055	85.024826
-50.430428	-2889.286865	138.395523
-62.724407	-2996.654297	199.825027
-67.296753	-3087.646729	229.670395
-106.086609	-3169.672852	238.763855
-177.495224	-3237.822021	247.487762
-256.813446	-3317.272705	266.031250
-277.636963	-3231.612061	245.935287
-275.858551	-3142.218506	242.207901
-250.031403	-3048.980225	232.805145
-209.809036	-2983.732666	202.617508
-162.740829	-2903.591797	158.998779
-134.075058	-2809.638428	138.031250
-160.133377	-2693.297607	126.031250
-233.497147	-2608.985596	106.031250
-315.604523	-2663.143799	90.031250
-262.590393	-2721.689453	90.296959
-285.916473	-2761.793457	99.060699
-302.913330	-2891.422852	173.617981
-405.760773	-3020.623779	218.031250
-401.997437	-3044.983398	218.031250
-550.304871	-3032.157715	234.031250
-525.589661	-3148.933594	266.031250
-475.202820	-3222.073486	266.031250
-606.223572	-2914.178711	250.031250
-426.641388	-2903.860596	206.156204
-366.630219	-2752.419922	170.031250
-371.845795	-2629.806396	122.031250
-370.144714	-2599.189453	90.846237
-366.352509	-2513.375244	-37.968750
-383.777802	-2376.207275	-69.968750
-380.536560	-2256.709717	-5.968750
-366.623932	-2164.770752	42.031250
-470.226135	-2148.765625	42.031250
-576.715698	-2151.067383	6.031250
-671.625061	-2146.425293	-53.968750
-743.069702	-2217.145508	-123.021774
-639.041382	-2296.479736	-113.573906
-535.193604	-2314.080811	-104.263672
-476.295990	-2397.330078	-93.136353
-298.764160	-2421.259033	-77.142525
-255.995193	-2332.333496	-80.509407
-153.520111	-2301.652832	-40.033142
-56.920509	-2336.914551	34.041016
-40.234512	-2439.433838	25.639973
-121.582237	-2507.105469	-11.190023
-197.576080	-2567.753662	-9.536581
-98.862427	-2619.113770	27.134485
-4.935169	-2589.301270	34.094112
64.576187	-2592.531250	44.775627
199.988037	-2648.149658	55.004517
302.652985	-2574.649414	114.031250
171.255524	-2551.791260	162.031250
83.984184	-2462.375732	218.031250
79.754578	-2328.869629	258.031250
225.635773	-2308.683105	266.031250
427.825348	-2316.400879	266.031250
556.438477	-2350.196777	266.031250
553.344543	-2479.598877	266.031250
411.216278	-2516.433105	266.031250
207.020081	-2503.151611	266.031250
-175.397797	-2235.785889	-47.188904
-123.396667	-2145.931885	-17.561789
-123.864746	-2034.713745	-17.555424
-231.420868	-2057.468018	-32.232708
-259.650543	-1973.628052	-34.981968
-187.322388	-1930.400146	-38.802055
-83.959457	-1942.690796	-13.038115
-26.671387	-1867.891968	13.540167
-102.538933	-1809.023560	-18.884140
-215.840866	-1800.682983	-59.094330
-271.517548	-1761.368530	-54.349335
-301.834442	-1629.279907	-47.957657
-251.445190	-1781.571289	-56.775246
-132.426941	-1751.244873	-39.767120
-51.818314	-1696.026367	-10.242662
-48.565735	-1616.054810	-0.918199
-112.031364	-1591.356567	-33.990120
-158.446945	-1531.510254	-46.912010
-226.136398	-1460.116577	-53.452145
-292.498047	-1401.648804	-34.429596
-222.930222	-1388.800415	-37.834675
-114.792351	-1395.534424	-35.523491
-40.707027	-1345.232666	-12.908901
-90.539726	-1268.172119	-31.243965
-194.372406	-1229.950195	-36.163780
-287.800049	-1204.356812	-5.527920
-381.051270	-1198.447876	6.680164
-432.092255	-1305.405396	42.031250
-397.747742	-1397.672607	42.031250
-348.140503	-1368.618652	42.031250
-475.905396	-1617.330078	42.031250
-354.012146	-1635.649902	42.031250
-419.571716	-1758.916138	42.031250
-428.264587	-1541.876465	42.031250
-495.395538	-1900.163086	42.031250
-353.480560	-1963.606201	42.031250
-418.679413	-1950.081543	42.031250
-415.153229	-2032.241943	42.031250
-238.921051	-1542.485352	43.838394
-234.710587	-1643.971436	-12.634308
-246.583725	-1320.952393	15.701836
-225.643982	-1151.514282	-16.817902
-337.617126	-1105.471191	9.253204
-473.032104	-1102.076660	26.818075
-580.080627	-1093.500000	47.888527
-711.422363	-1096.964966	74.031250
-733.365601	-1189.618042	74.652122
-590.487366	-1161.622559	47.201477
-516.068115	-1058.288208	36.523998
-492.394318	-973.510864	38.638592
-382.129730	-1035.147217	27.858150
-246.222626	-1060.753662	13.069242
-139.700821	-1086.542114	14.711227
-59.350990	-1043.018188	58.804123
-100.032654	-976.031250	75.423485
-204.419754	-951.872681	66.443863
-264.185760	-868.148376	85.472122
-176.838074	-825.662659	85.339775
-158.796677	-735.918274	90.039680
-256.698364	-762.785034	86.205521
-434.032288	-889.748962	53.281975
-543.857849	-858.419739	45.765064
-523.655762	-767.092834	41.236961
-442.955719	-715.260315	60.552814
-427.020477	-622.311890	76.573463
-537.565063	-612.685120	46.429920
-643.454163	-721.629517	42.031250
-636.612854	-810.057129	74.031250
-632.354370	-898.891113	106.031250
-636.904968	-978.478455	122.031250
-707.356384	-1010.921448	170.031250
-799.277344	-1102.977417	202.031250
-811.899292	-1170.633667	234.031250
-786.768555	-1220.742188	266.031250
-625.266357	-1202.613403	266.031250
-386.050446	-1197.416992	266.031250
-178.086441	-1203.160156	266.031250
55.591866	-1205.080933	266.031250
-91.345940	-1296.086060	266.031250
-79.963837	-1250.717163	266.031250
-116.707520	-1334.176880	266.031250
-244.582764	-1359.869507	266.031250
-378.212616	-1373.588623	266.031250
-468.770935	-1305.491699	266.031250
-493.377930	-1225.199951	266.031250
-355.123199	-964.055847	250.031250
-341.300232	-791.457947	250.031250
-300.894897	-641.667786	218.031250
-244.247971	-651.678467	218.031250
-136.303207	-657.885254	234.031250
-54.562080	-688.048218	266.031250
-51.053242	-783.956421	266.031250
-58.747818	-871.118652	266.031250
-22.742041	-943.972473	266.031250
-715.037415	-647.630432	42.031250
-710.103027	-714.888184	30.031250
-698.321228	-796.036804	-29.968750
-701.249268	-894.857361	-92.049934
-775.554871	-918.633057	-97.571777
-643.589111	-537.228638	13.681252
-654.476807	-455.644653	26.031250
-649.611084	-394.869812	58.031250
-649.979004	-208.031250	106.031250
-731.309570	-141.411636	106.031250
-697.954224	-249.055618	154.031250
-808.966675	-181.275146	202.031250
-614.728149	-190.325119	154.031250
-620.720093	-144.602463	201.733719
-519.335815	-423.104462	57.414177
-478.752777	-516.417236	59.761009
-392.584412	-532.874878	92.175377
-382.308136	-434.945099	103.118195
-454.940369	-351.164185	82.595016
-525.555115	-241.121979	99.341362
-483.517212	-168.437042	132.697617
-415.760345	-117.283752	184.760437
-488.022461	-48.342102	211.069046
-546.006775	37.640671	255.820297
-477.745636	86.661293	250.031250
-408.571594	156.347427	266.031250
-457.141602	238.440552	258.031250
-563.001709	257.886536	266.031250
-648.144531	323.731628	266.031250
-608.012695	392.882172	266.031250
-524.482666	401.552124	266.031250
-435.712036	453.097931	266.031250
-580.485352	483.999512	266.031250
-740.020508	331.772797	266.031250
-834.711670	278.441437	282.031250
-857.951172	161.527771	282.031250
-801.012634	48.592728	266.031250
-880.102600	-95.470039	282.031250
-913.665833	-31.627481	282.031250
-925.624084	58.532131	282.031250
-925.475037	144.959381	282.031250
-921.703552	240.835098	282.031250
-918.798767	319.406281	282.031250
-966.997070	-462.236023	283.093353
-970.066895	-298.775452	253.450928
-965.999268	-682.224182	265.709290
-961.479675	-864.858215	269.185089
-968.066406	-1079.406982	254.488449
-901.408264	-1158.048462	282.031250
-909.377502	-1205.855103	282.031250
-955.310730	-1225.094482	282.031250
-1002.305908	-1252.101196	282.031250
-1074.148926	-1252.528076	282.031250
-1136.042114	-1250.715942	282.031250
-1269.975708	-1248.864990	282.031250
-1409.624512	-1248.097534	282.031250
-1523.623535	-1247.520386	282.031250
-1663.270630	-1246.631592	282.031250
-1788.645996	-1248.441162	282.031250
-1899.719116	-1252.499878	282.031250
-2019.412354	-1253.264893	282.031250
-2102.103027	-1293.565063	281.031250
-1983.728516	-1278.838989	281.031250
-1859.521118	-1292.241577	281.031250
-1745.647095	-1297.145508	281.031250
-1643.048828	-1297.168213	281.031250
-1506.256348	-1298.501709	282.031250
-1375.158447	-1299.341187	281.031250
-1226.959717	-1299.522461	281.031250
-1033.272827	-1351.113892	282.031250
-1189.792114	-1343.339111	282.031250
-1280.875977	-1347.380737	282.031250
-1403.007568	-1357.480469	282.031250
-1559.501099	-1366.097412	266.031250
-1739.317871	-1345.299683	282.031250
-1887.412842	-1348.970459	282.031250
-2018.465332	-1351.339478	282.031250
-2023.201172	-1139.926880	282.031250
-2061.695557	-1118.938354	282.031250
-2138.628662	-1119.152588	282.031250
-2103.614014	-1196.952271	281.031250
-2180.741211	-1142.689087	282.031250
-2267.831055	-1157.184448	234.031250
-2389.589844	-1144.235596	186.031250
-2435.022949	-1071.047119	186.031250
-2442.499756	-961.425964	186.031250
-2393.986084	-926.739685	186.031250
-2388.093994	-1032.434204	186.031250
-2410.031250	-987.398499	186.031250
-2243.189453	-1087.991211	186.031250
-2112.509521	-1092.218872	186.031250
-2075.357178	-1177.867798	186.031250
-2180.056641	-1047.548584	161.592819
-2180.056641	-1047.548584	161.592819
-2195.127441	-710.364258	-169.148819
-2223.991943	-609.735168	-141.968750
-2228.449951	-504.890076	-69.968750
-2300.666016	-481.160034	-69.968750
-2293.619873	-578.050537	-69.968750
-2274.272949	-678.502319	-69.968750
-2282.282227	-786.289368	-69.968750
-2267.693359	-898.299805	-69.968750
-2237.330811	-980.971619	-69.968750
-2329.212891	-1014.611145	-69.968750
-2358.000000	-988.000000	-66.000000
-2193.457520	-987.630188	-69.968750
-2063.092285	-946.369263	-154.438202
-2100.383789	-856.029175	-163.859741
-2088.165283	-718.016479	-167.500366
-2018.146851	-624.024414	-151.966095
-2102.229248	-550.324646	-162.705750
-2021.861084	-462.129761	-155.248795
-1921.295288	-395.987274	-153.827042
-1982.528442	-275.188385	-174.129684
-2076.756104	-242.305206	-172.674957
-1991.763672	-149.750748	-190.202209
-1862.580933	-207.939377	-190.956299
-1732.193970	-192.049362	-181.541565
-1758.758301	-76.349007	-193.282791
-1877.167847	-34.196789	-212.931534
-1987.227173	20.287289	-201.515732
-2002.730957	150.537460	-200.278259
-1885.568115	194.340195	-210.162537
-1791.696289	149.192978	-222.608231
-1759.475098	58.116852	-211.089981
-1805.932251	234.369492	-223.264069
-1777.456543	309.364594	-223.577774
-1660.467773	274.714813	-227.940063
-1555.729370	271.489624	-226.861465
-1473.724609	270.130951	-224.494858
-1387.248657	266.146545	-214.297211
-1081.915283	257.503174	-159.263306
-1105.726440	184.150269	-159.418228
-1261.892090	118.592232	-169.333817
-1384.164185	110.891655	-183.635330
-1506.663940	108.247620	-196.265671
-1622.645142	83.438049	-202.687469
-1646.603271	-17.779001	-190.094070
-1548.692993	-85.987686	-175.654388
-1426.674316	-88.396843	-172.014435
-1307.463867	-77.605690	-167.157349
-1190.974243	-68.497032	-164.569305
-1065.151733	0.545021	-163.664963
-982.017883	88.515091	-157.641815
-940.330139	-21.118721	-163.333130
-1000.326965	-124.197792	-172.867630
-971.340515	-190.191010	-175.181290
-865.897888	-235.071259	-160.795319
-907.874817	-347.992828	-162.968201
-1001.478210	-395.838287	-185.341476
-990.512146	-522.172546	-178.473114
-894.318787	-557.980347	-142.158417
-841.125854	-645.500061	-126.819977
-890.739685	-757.803040	-140.930801
-1016.208557	-808.997864	-168.103775
-1012.445557	-949.537048	-159.573364
-884.580872	-986.553650	-123.701340
-834.025330	-890.431824	-115.893539
-965.874329	-770.355530	-161.281174
-1011.895752	-665.002014	-178.854675
-866.194824	-512.716309	-137.313416
-992.967896	-315.627441	-184.369263
-886.331360	-92.675163	-163.268539
-794.849060	-368.381805	-138.364441
-797.754089	-514.214233	-128.170380
-792.626038	-628.033875	-118.537918
-807.371460	-766.551086	-118.052521
-1083.472656	-678.599304	-193.139160
-1120.382813	-544.344727	-204.778717
-1077.401489	-430.759216	-194.452988
-1073.692993	-255.797119	-181.389999
-1180.429932	-185.494171	-172.895477
-1313.220703	-195.369934	-168.761414
-1441.129272	-241.194107	-167.563904
-1574.830933	-286.834625	-166.700729
-1691.462524	-346.561798	-160.336700
-1806.810181	-420.030518	-153.347351
-1905.018921	-496.455627	-144.528824
-1828.281494	-543.060486	-140.373764
-1703.100220	-518.106018	-141.662994
-1582.676025	-466.984375	-152.271515
-1468.395386	-415.750977	-166.432419
-1337.278809	-376.855042	-178.012177
-1194.991211	-363.391296	-186.734940
-1190.091309	-496.089142	-199.366226
-1328.592407	-576.461121	-199.758316
-1461.562622	-608.422546	-162.291428
-1595.204956	-648.900024	-141.845856
-1693.515869	-735.473816	-139.930511
-1641.897339	-826.236145	-136.516541
-1505.951538	-817.045837	-142.822098
-1395.042114	-772.069580	-162.470703
-1271.554321	-720.236328	-194.650085
-1143.857422	-709.392517	-197.743423
-1133.333496	-830.419067	-177.609680
-1250.425049	-883.953857	-164.462250
-1365.614746	-916.360535	-151.109512
-1506.808960	-943.024536	-138.883606
-1634.207642	-894.855286	-134.093109
-1662.810791	-996.161011	-136.508041
-1556.825684	-1004.019409	-139.775299
-1407.778198	-1023.528748	-152.097687
-1264.245361	-1000.835144	-158.328537
-1143.094238	-994.108582	-160.919006
-1103.261719	-1132.353394	-154.696335
-1222.518188	-1134.553345	-159.868423
-1350.707642	-1135.130615	-165.167801
-1504.356689	-1126.401611	-156.993652
-1615.358276	-1120.700806	-149.836548
-1742.430420	-1114.152466	-140.092117
-1855.495239	-1152.209473	-137.521179
-1884.653442	-1245.295654	-143.859711
-1906.826660	-1313.306396	-144.394135
-1915.485107	-1393.601563	-147.429779
-1827.564575	-1442.509766	-155.969650
-1720.822266	-1452.475098	-200.614334
-1648.645264	-1349.165771	-206.066132
-1608.362915	-1277.341431	-205.588577
-1612.659790	-1180.483521	-172.772614
-1353.544067	-1205.600342	-178.902496
-1408.052490	-1270.639771	-197.321976
-1425.369019	-1351.122681	-212.445053
-1344.809692	-1396.718262	-210.142059
-1193.030884	-1429.527344	-180.186768
-1125.392700	-1383.762817	-159.057175
-1124.082397	-1303.104004	-155.199692
-1127.485352	-1221.443848	-153.772751
-1031.006958	-1167.936035	-149.689377
-1066.943970	-1470.033325	-144.224548
-995.037537	-1548.338867	-101.359352
-1035.937988	-1641.409424	-115.529991
-1148.687378	-1625.916382	-153.514938
-1183.442261	-1544.192261	-172.628067
-1280.820313	-1485.776001	-201.294632
-1377.396973	-1493.611572	-220.978622
-1451.181396	-1540.040771	-225.087509
-1542.088989	-1528.892578	-228.580612
-1635.997437	-1520.635132	-216.130493
-1716.361694	-1558.690430	-195.973267
-1811.476929	-1533.848511	-167.793335
-1918.276245	-1529.553223	-153.838959
-2032.070435	-1572.437988	-155.436188
-2093.094482	-1657.442017	-157.028198
-2031.344727	-1729.053711	-154.113708
-1922.159912	-1717.669189	-156.100998
-1817.042114	-1691.646729	-162.916611
-1710.833130	-1670.852661	-183.727737
-1580.014526	-1663.384888	-205.772903
-1464.307617	-1672.755981	-206.131729
-1342.931641	-1686.098755	-194.481171
-1243.060913	-1725.967041	-163.089569
-1142.228638	-1763.874512	-146.338120
-1093.902954	-1847.422607	-138.078934
-1224.484497	-1893.208496	-149.457016
-1342.582153	-1834.236206	-166.474701
-1469.862671	-1822.585693	-176.000549
-1583.657715	-1829.266724	-171.155212
-1710.520142	-1824.434692	-165.441559
-1829.600586	-1815.215820	-157.278931
-1991.880737	-1821.357788	-150.867142
-2101.502930	-1843.953979	-147.941284
-2004.150757	-1878.248657	-148.734207
-1926.260864	-1956.841553	-148.040741
-1818.509399	-1947.284424	-152.103027
-1725.846802	-1920.838623	-156.135910
-1624.328369	-1979.799316	-155.440979
-1448.221069	-1942.162964	-153.557373
-1309.125854	-1956.181763	-150.844147
-1233.098511	-2025.453613	-154.098160
-1301.252808	-2111.748779	-164.148804
-1404.098633	-2080.716309	-154.558014
-1518.375122	-2051.681152	-152.950424
-1179.380737	-2102.340088	-160.302902
-1078.149292	-2087.363770	-154.867661
-976.851257	-2099.859619	-147.330215
-889.777161	-2151.225586	-136.789215
-830.929077	-2255.021484	-131.835571
-849.148132	-2351.782715	-132.268951
-990.218872	-2318.125488	-163.101334
-1106.466797	-2282.363525	-175.209961
-1228.522461	-2271.730713	-175.256256
-1348.140259	-2267.371338	-167.105545
-1436.049805	-2246.973633	-148.781433
-1503.730469	-2170.729248	-148.521072
-1595.412231	-2109.191650	-146.398346
-1726.724365	-2090.391357	-157.327240
-1844.929199	-2108.560791	-164.749847
-1952.082275	-2087.797119	-166.250519
-2039.285767	-2026.915405	-156.065323
-2114.660645	-2092.309326	-152.844620
-2150.369141	-2206.358398	-161.384933
-2255.526123	-2229.185791	-149.581757
-2398.628662	-2234.593994	-123.818710
-2275.590576	-2292.572510	-156.144882
-2337.823730	-2390.654053	-152.139725
-2410.428711	-2430.318604	-145.672607
-2288.382568	-2448.454834	-165.140549
-2273.835449	-2549.107666	-174.816589
-2415.158203	-2604.968750	-155.783554
-2302.941406	-2613.992676	-173.030899
-2286.561523	-2757.083740	-179.888535
-2365.100098	-2772.206055	-165.713699
-2174.795654	-2914.841309	-198.571701
-2204.303223	-3016.815430	-194.705765
-2172.231445	-3121.295166	-201.734100
-2112.116455	-3194.981934	-210.249176
-2050.010742	-3254.462646	-218.258667
-1984.564087	-3290.177734	-224.538864
-1891.101074	-3318.726318	-228.292374
-1811.135010	-3336.644775	-231.286377
-1728.500732	-3353.242188	-230.255310
-1633.949829	-3360.076660	-227.442749
-1607.799805	-3519.548828	-223.364792
-1517.302734	-3400.341309	-223.796753
-1462.081787	-3453.761230	-223.921463
-1419.659180	-3512.252197	-226.680206
-1392.031250	-3446.968994	-175.768784
-1302.913208	-3376.832275	-179.358627
-1239.378418	-3536.468018	-157.769913
-1198.730103	-3437.443848	-151.718414
-1091.015869	-3432.484863	-140.907288
-1059.222046	-3532.476563	-138.874893
-1037.689697	-3388.982910	-134.443573
-922.876038	-3337.148926	-123.655502
-972.902405	-3263.715820	-124.714447
-1013.376099	-3144.907959	-124.149185
-942.964539	-3074.273926	-113.742432
-920.402710	-2954.001465	-103.145287
-969.409363	-2896.641113	-112.867142
-957.770996	-2777.813477	-117.808296
-912.663025	-2693.057861	-107.514328
-973.375671	-2574.488770	-143.223785
-961.652222	-2429.551025	-151.739288
-869.692993	-2460.093994	-124.806763
-922.082153	-2629.355225	-118.889984
-1019.058960	-2661.408447	-151.011002
-1024.941406	-2741.521240	-138.773666
-1067.109009	-2850.371094	-140.200027
-1093.756470	-2931.611572	-141.942749
-1126.120239	-3031.972656	-145.002289
-1156.454834	-3141.457275	-146.218628
-1134.175903	-3233.906250	-143.710220
-1124.240601	-3328.170654	-143.732239
-1203.545532	-3289.775391	-153.952728
-1302.439819	-3284.749512	-169.428055
-1415.476440	-3287.157471	-192.830627
-1553.827881	-3265.332764	-212.010376
-1648.805542	-3227.324707	-214.987488
-1732.222046	-3205.443115	-213.194580
-1819.354980	-3180.180176	-215.077621
-1901.437134	-3140.919434	-217.510406
-1975.607666	-3101.336914	-217.881912
-2051.931885	-3040.441895	-212.488525
-2078.097412	-2922.268799	-208.391037
-2072.219238	-2796.444336	-204.222290
-2098.540283	-2673.860352	-203.972198
-2103.107178	-2563.524902	-203.090393
-2087.847168	-2453.431152	-199.475479
-2051.935303	-2349.347656	-192.161102
-1954.935791	-2286.889893	-193.132538
-1834.166382	-2308.650146	-193.819458
-1940.899292	-2433.060303	-199.742920
-1969.816162	-2580.547607	-197.500549
-1954.365845	-2724.862549	-191.855087
-1928.875122	-2873.730469	-190.975113
-1890.850586	-3007.816650	-201.165787
-1788.203735	-3114.694824	-205.723190
-1693.391602	-3154.748535	-204.404083
-1637.043335	-3055.755615	-185.320053
-1649.914063	-2952.626465	-168.554565
-1649.895142	-2833.188965	-157.581253
-1601.031250	-2880.424316	-159.822784
-1637.161377	-3019.202148	-178.207352
-1685.044189	-3126.194580	-199.121277
-1596.505249	-3181.009277	-205.960861
-1481.703125	-3156.441406	-190.146759
-1352.024170	-3179.779297	-169.474258
-1242.528931	-3099.803955	-158.015564
-1226.782349	-2964.932129	-157.784531
-1181.139893	-2843.936035	-162.207336
-1161.778809	-2718.296631	-161.976166
-1148.953247	-2610.825928	-176.152451
-1152.578369	-2491.496338	-185.138718
-1213.755737	-2396.119629	-188.479218
-1342.355957	-2353.238037	-171.333054
-1.#QNAN0	-1.#QNAN0	-1.#QNAN0
-1.#QNAN0	-1.#QNAN0	-1.#QNAN0
-1.#QNAN0	-1.#QNAN0	-1.#QNAN0
-1.#QNAN0	-1.#QNAN0	-1.#QNAN0
-1.#QNAN0	-1.#QNAN0	-1.#QNAN0
-1.#QNAN0	-1.#QNAN0	-1.#QNAN0
-1.#QNAN0	-1.#QNAN0	-1.#QNAN0
-1.#QNAN0	-1.#QNAN0	-1.#QNAN0
-1.#QNAN0	-1.#QNAN0	-1.#QNAN0
-1.#QNAN0	-1.#QNAN0	-1.#QNAN0
-1.#QNAN0	-1.#QNAN0	-1.#QNAN0
-1.#QNAN0	-1.#QNAN0	-1.#QNAN0
-1.#QNAN0	-1.#QNAN0	-1.#QNAN0
-1.#QNAN0	-1.#QNAN0	-1.#QNAN0
-1.#QNAN0	-1.#QNAN0	-1.#QNAN0
-1.#QNAN0	-1.#QNAN0	-1.#QNAN0
-1.#QNAN0	-1.#QNAN0	-1.#QNAN0
-1.#QNAN0	-1.#QNAN0	-1.#QNAN0
-1.#QNAN0	-1.#QNAN0	-1.#QNAN0
-1.#QNAN0	-1.#QNAN0	-1.#QNAN0
-1.#QNAN0	-1.#QNAN0	-1.#QNAN0
-1.#QNAN0	-1.#QNAN0	-1.#QNAN0
-1.#QNAN0	-1.#QNAN0	-1.#QNAN0
-1.#QNAN0	-1.#QNAN0	-1.#QNAN0
-1.#QNAN0	-1.#QNAN0	-1.#QNAN0
-1.#QNAN0	-1.#QNAN0	-1.#QNAN0
-1.#QNAN0	-1.#QNAN0	-1.#QNAN0
-1.#QNAN0	-1.#QNAN0	-1.#QNAN0
-1.#QNAN0	-1.#QNAN0	-1.#QNAN0
-1.#QNAN0	-1.#QNAN0	-1.#QNAN0
-1.#QNAN0	-1.#QNAN0	-1.#QNAN0
-1.#QNAN0	-1.#QNAN0	-1.#QNAN0
-1.#QNAN0	-1.#QNAN0	-1.#QNAN0
-1.#QNAN0	-1.#QNAN0	-1.#QNAN0
-1.#QNAN0	-1.#QNAN0	-1.#QNAN0
-1.#QNAN0	-1.#QNAN0	-1.#QNAN0
-1.#QNAN0	-1.#QNAN0	-1.#QNAN0
-1.#QNAN0	-1.#QNAN0	-1.#QNAN0
-1.#QNAN0	-1.#QNAN0	-1.#QNAN0
-1.#QNAN0	-1.#QNAN0	-1.#QNAN0
-1.#QNAN0	-1.#QNAN0	-1.#QNAN0
-1.#QNAN0	-1.#QNAN0	-1.#QNAN0
-1.#QNAN0	-1.#QNAN0	-1.#QNAN0
-1.#QNAN0	-1.#QNAN0	-1.#QNAN0
-1.#QNAN0	-1.#QNAN0	-1.#QNAN0
-1.#QNAN0	-1.#QNAN0	-1.#QNAN0
-1.#QNAN0	-1.#QNAN0	-1.#QNAN0
-1.#QNAN0	-1.#QNAN0	-1.#QNAN0
-1.#QNAN0	-1.#QNAN0	-1.#QNAN0
-1.#QNAN0	-1.#QNAN0	-1.#QNAN0
-1.#QNAN0	-1.#QNAN0	-1.#QNAN0
-1.#QNAN0	-1.#QNAN0	-1.#QNAN0
-1.#QNAN0	-1.#QNAN0	-1.#QNAN0
-1.#QNAN0	-1.#QNAN0	-1.#QNAN0
-1.#QNAN0	-1.#QNAN0	-1.#QNAN0
-1.#QNAN0	-1.#QNAN0	-1.#QNAN0
-1.#QNAN0	-1.#QNAN0	-1.#QNAN0
-1.#QNAN0	-1.#QNAN0	-1.#QNAN0
-1.#QNAN0	-1.#QNAN0	-1.#QNAN0
-1.#QNAN0	-1.#QNAN0	-1.#QNAN0
-1.#QNAN0	-1.#QNAN0	-1.#QNAN0
-1.#QNAN0	-1.#QNAN0	-1.#QNAN0
-1.#QNAN0	-1.#QNAN0	-1.#QNAN0
-1.#QNAN0	-1.#QNAN0	-1.#QNAN0
-1.#QNAN0	-1.#QNAN0	-1.#QNAN0
-1.#QNAN0	-1.#QNAN0	-1.#QNAN0
-1.#QNAN0	-1.#QNAN0	-1.#QNAN0
-1.#QNAN0	-1.#QNAN0	-1.#QNAN0
-1.#QNAN0	-1.#QNAN0	-1.#QNAN0
-1.#QNAN0	-1.#QNAN0	-1.#QNAN0
-1.#QNAN0	-1.#QNAN0	-1.#QNAN0
-1.#QNAN0	-1.#QNAN0	-1.#QNAN0
-1.#QNAN0	-1.#QNAN0	-1.#QNAN0
-1.#QNAN0	-1.#QNAN0	-1.#QNAN0
-1.#QNAN0	-1.#QNAN0	-1.#QNAN0
-1.#QNAN0	-1.#QNAN0	-1.#QNAN0
-1.#QNAN0	-1.#QNAN0	-1.#QNAN0
-1.#QNAN0	-1.#QNAN0	-1.#QNAN0
-1.#QNAN0	-1.#QNAN0	-1.#QNAN0
-1.#QNAN0	-1.#QNAN0	-1.#QNAN0
-1.#QNAN0	-1.#QNAN0	-1.#QNAN0
-1.#QNAN0	-1.#QNAN0	-1.#QNAN0
-1.#QNAN0	-1.#QNAN0	-1.#QNAN0
-1.#QNAN0	-1.#QNAN0	-1.#QNAN0
-1.#QNAN0	-1.#QNAN0	-1.#QNAN0
-1.#QNAN0	-1.#QNAN0	-1.#QNAN0
-1.#QNAN0	-1.#QNAN0	-1.#QNAN0
-1.#QNAN0	-1.#QNAN0	-1.#QNAN0
-1.#QNAN0	-1.#QNAN0	-1.#QNAN0
-1.#QNAN0	-1.#QNAN0	-1.#QNAN0
-1.#QNAN0	-1.#QNAN0	-1.#QNAN0
0.000000	0.000000	0.000000
-722.518799	-1905.032715	266.031250
-637.230225	-1962.184937	266.031250
-552.379456	-1891.566162	266.031250
-645.818298	-1808.885498	266.031250
-74.041679	-1787.516968	266.031250
180.000000	0.000000	7.000000
0.000000	0.000000	0.000000
-75.197777	-1958.079346	266.031250
-66.170403	-2089.671387	266.031250
-27.148458	-1910.640259	266.031250
-157.228821	-2027.960938	234.031250
-739.635315	-1611.267456	394.142029
-788.470947	-1595.817627	394.142029
-764.281677	-1522.885742	394.142029
-726.819946	-1406.025146	394.142029
-669.617920	-1237.965698	394.142029
-613.882813	-1252.852905	394.142029
-564.521240	-1279.157959	394.142029
-576.855103	-1332.051147	394.142029
-610.324707	-1425.992798	394.142029
-653.176270	-1567.788086	394.142029
-699.345947	-1527.602295	394.142029
-669.827881	-1392.454346	394.142029
-449.301697	-1269.673218	346.031250
-411.461029	-1272.336182	386.031250
-156.534286	-1444.306885	344.031250
-222.063507	-1444.938721	356.031250
-269.621490	-1446.959351	394.031250
-352.598206	-1450.681519	394.031250
-500.230103	-1452.024414	394.031250
-254.369980	-1296.600220	332.002655
-197.428925	-1296.031250	332.002655
-318.194427	-1331.947876	522.031250
-48.114796	-1156.159180	522.031250
-80.365623	-1174.843384	562.187866
0.000000	0.000000	2887251.500000
-1.360684	-1258.871948	522.031250
0.000000	0.000000	10.322563
160.328751	-1268.260132	522.031250
116.321747	-1297.566040	522.031250
30.519651	-1293.436768	522.031250
-7.125876	-1319.064819	522.031250
-8.388519	-1354.747314	522.031250
-6.779740	-1402.064331	522.031250
-8.947196	-1457.758179	522.031250
-13.426080	-1573.379883	522.031250
-37.202477	-1573.733643	522.031250
-82.324036	-1552.207153	522.031250
-79.048813	-1501.266479	522.031250
-76.498413	-1442.293213	522.031250
-63.119789	-1336.068970	522.031250
-192.518463	-1322.750000	522.031250
-231.157608	-1348.756470	562.312134
-179.888504	-1349.880249	562.246582
-136.937271	-1348.585205	562.196777
-93.992340	-1347.076538	562.291138
80.773476	-1574.692139	506.031250
0.000000	0.000000	0.000000
21.542810	-1733.390259	506.031250
15.062651	-1634.150879	506.031250
37.040157	-1821.770020	381.456238
0.000000	0.000000	0.000000
51.027645	-1983.968750	381.831238
-6.999998	-2029.847900	522.031250
86.308998	-2005.367310	522.031250
159.689819	-2035.213257	522.031250
108.043945	-2047.977539	522.031250
56.549942	-2067.215088	506.031250
78.346649	-2134.084473	506.031250
14.700611	-2109.216064	506.031250
65.537842	-2181.116455	506.031250
380.950348	-2251.769775	394.031281
207.952621	-2265.823242	394.031281
132.865128	-2338.880615	394.142029
126.304840	-2467.617188	394.142029
215.600784	-2466.225098	394.142029
360.906036	-2466.677246	394.142029
498.144623	-2489.194336	394.142029
0.000000	0.000000	0.000000
180.000000	0.000000	7.000000
292.037628	-2359.937500	394.142029
0.000000	192682282450944.000000	0.000000
180.000000	0.000000	7.000000
448.306274	-2422.940674	394.142029
180.000000	0.000000	7.000000
365.145996	-2571.204102	417.912964
180.000000	0.000000	7.000000
0.000000	3108.079346	0.000000
0.000000	0.000000	2578.890625
129.091751	-3436.094971	417.912964
-103.969635	-3731.971680	314.103149
120.647598	-3696.904053	375.655609
78.911514	-3714.958496	405.016144
17.660252	-3725.209473	370.166748
58.237377	-3568.586426	314.103149
-118.239357	-3104.781982	272.269287
-101.072823	-2820.743896	186.103149
607.634277	-2355.442139	417.912964
608.677429	-2454.753418	417.912964
597.920471	-2559.023926	417.912964
874.462708	-2271.420898	266.031250
796.310242	-2267.635010	266.031250
642.729065	-2260.042725	266.031250
608.771973	-2561.713623	266.031250
585.945801	-2573.212891	266.031250
440.296021	-2579.417725	266.031250
382.614960	-2776.456543	266.031250
366.735809	-2967.505371	266.031250
636.326721	-2162.623535	-22.723732
538.232361	-2152.180908	48.891785
475.720459	-2163.531006	70.478882
385.225006	-2094.139404	113.111473
307.098541	-2114.379639	129.202286
412.776184	-2136.742188	93.393044
408.350433	-2028.873657	202.031250
444.024292	-1984.204834	186.031250
373.696503	-1957.238525	186.031250
322.824188	-1869.714722	202.031250
295.051025	-2003.480835	218.031250
1042946416456226600000.000000	0.747061	770874955767520170000.000000
0.000000	0.000000	0.000000
148.451355	-1712.350098	266.031250
110.740982	-1602.494263	266.031250
154.688950	-1465.738647	266.031250
102.364235	0.000000	7.000000
225.345734	-1256.768921	266.031250
0.000000	48445444325376.000000	0.000000
208.495300	-1479.293457	266.031250
295.678162	-1552.722778	266.031250
0.000000	0.000000	0.000000
0.000000	0.000000	0.000000
0.000000	0.000000	0.000000
0.000000	0.000000	0.000000
0.000000	0.000000	0.000000
-348.000000	-1324.000000	296.000000
-1632.000000	-2640.000000	-128.000000
-176.000000	-2704.000000	-64.000000
0.000000	0.000000	0.000000
0.000000	0.000000	0.000000
0.000000	0.000000	0.000000
-1258.000000	-1238.000000	257.000000
-1508.000000	-1238.000000	257.000000
-1772.000000	-1238.000000	257.000000
-2151.000000	-1151.000000	512.000000
-2547.000000	-1180.000000	401.000000
-2388.000000	-744.000000	380.000000
-2254.000000	-339.000000	-47.000000
-2358.000000	-988.000000	-40.000000
0.000000	0.000000	0.000000
0.000000	0.000000	0.000000
0.000000	0.000000	0.000000
378.000000	-1262.000000	292.000000
646.000000	-1484.000000	301.000000
848.000000	-2024.000000	206.000000
458.000000	-1528.000000	-2.000000
458.000000	-1272.000000	-2.000000
372.000000	-1265.000000	292.000000
631.000000	-1496.000000	302.000000
458.000000	-2024.000000	-2.000000
458.000000	-2248.000000	-2.000000
458.000000	-2472.000000	-2.000000
498.000000	-2704.000000	39.000000
240.000000	-2650.000000	-2.000000
-16.000000	-2650.000000	-2.000000
-272.000000	-2650.000000	-2.000000
-360.000000	-2880.000000	216.000000
-808.000000	-2104.000000	-104.000000
816.000000	-2656.000000	56.000000
-784.000000	-3536.000000	296.000000
0.000000	-2192.000000	88.000000
0.000000	-2384.000000	88.000000
-64.000000	-2032.000000	72.000000
-352.000000	-2064.000000	72.000000
-160.000000	-1216.000000	-8.000000
-176.000000	-880.000000	72.000000
-416.000000	-1216.000000	56.000000
-1536.000000	1360.000000	416.000000
-424.000000	-1472.000000	64.000000
-424.000000	-1840.000000	64.000000
-160.000000	-3504.000000	304.000000
128.000000	-3504.000000	304.000000
-816.000000	-624.000000	-80.000000
-504.000000	-2520.000000	24.000000
0.000000	-1648.000000	48.000000
-752.000000	-1192.000000	112.000000
-312.000000	-448.000000	160.000000
-144.000000	-752.000000	120.000000
96.000000	-720.000000	296.000000
96.000000	-1584.000000	296.000000
928.000000	-712.000000	168.000000
96.000000	128.000000	296.000000
0.000000	32.000000	296.000000
-600.000000	520.000000	296.000000
-704.000000	-928.000000	-56.000000
-904.000000	160.000000	-128.000000
-2144.000000	48.000000	-152.000000
-1728.000000	-736.000000	-104.000000
-2112.000000	-1824.000000	-120.000000
-912.000000	-2960.000000	-80.000000
-112.000000	-448.000000	8.000000
456.000000	-2648.000000	-88.000000
512.000000	-1776.000000	-16.000000
512.000000	-1024.000000	80.000000
512.000000	-272.000000	64.000000
512.000000	-800.000000	-64.000000
512.000000	-1536.000000	-64.000000
512.000000	-2048.000000	-64.000000
512.000000	-2512.000000	-64.000000
320.000000	-2704.000000	-64.000000
-304.000000	-2704.000000	-64.000000
-304.000000	-448.000000	-96.000000
-1816.000000	-2976.000000	-64.000000
-1816.000000	-2208.000000	-64.000000
-1816.000000	-1440.000000	-64.000000
-1848.000000	-672.000000	-64.000000
-1816.000000	96.000000	-64.000000
-1440.000000	448.000000	-64.000000
-1216.000000	96.000000	-64.000000
-1216.000000	-672.000000	-64.000000
-1216.000000	-1440.000000	-64.000000
-1216.000000	-2208.000000	-64.000000
-152.000000	-1464.000000	-32.000000
512.000000	-1264.000000	-64.000000
512.000000	-40.000000	-64.000000
512.000000	-496.000000	-64.000000
-624.000000	-448.000000	-96.000000
-128.000000	-1848.000000	-16.000000
-1216.000000	-2976.000000	-64.000000
-40.000000	-1272.000000	560.000000
-2144.000000	48.000000	-192.000000
-1726.000000	-736.000000	-149.000000
-2112.000000	-1824.000000	-157.000000
-912.000000	-2960.000000	-102.000000
96.000000	128.000000	257.000000
288.000000	-2064.000000	128.000000
96.000000	-1584.000000	257.000000
96.000000	-720.000000	257.000000
0.000000	32.000000	257.000000
-904.000000	160.000000	-160.000000
-600.000000	520.000000	257.000000
-312.000000	-448.000000	113.000000
-704.000000	-928.000000	-94.000000
-754.000000	-1193.000000	65.000000
-144.000000	-752.000000	78.000000
0.000000	-1648.000000	3.000000
0.000000	-2320.000000	53.000000
-808.000000	-2104.000000	-128.000000
-360.000000	-2880.000000	177.000000
264.000000	-3512.000000	280.000000
-784.000000	-3536.000000	257.000000
828.000000	-2764.000000	26.000000
912.000000	-1656.000000	-34.000000
928.000000	-712.000000	130.000000
-486.000000	-1588.000000	72.000000
-6916.000000	-740.000000	-104.000000
-6438.000000	-184.000000	-116.000000
-284.000000	-3424.000000	418.000000
251.000000	-3680.000000	418.000000
251.000000	-3424.000000	418.000000
-36.000000	-3424.000000	569.000000
-402.000000	-3153.000000	291.000000
-286.000000	-3424.000000	424.000000
-38.000000	-3551.000000	565.000000
254.000000	-3680.000000	424.000000
254.000000	-3424.000000	424.000000
-36.000000	-3424.000000	568.000000
0.000000	0.000000	0.000000
297.902008	120.000000	198.671005
511.074005	176.000000	352.132996
0.000000	0.000000	0.000000
295215309582198160000000000.000000	277975823915377200000000.000000	75236964599445757000000000000000000000.000000
0.000000	0.000000	0.000000
-34.504890	0.000000	7.000000
106.677307	0.000000	7.000000
187.322006	-1688.199951	256.000000
852.482971	-359.432007	128.000000
106.389771	0.000000	7.000000
960.000000	-1641.380005	325.040985
108.690094	0.000000	7.000000
0.000000	0.000000	45632.347656
9.915820	-1332.150024	334.458008
0.360608	-1308.250000	332.882996
-2543.209961	-1194.020020	394.707001
-1258.000000	-1223.000000	251.000000
-1508.000000	-1223.000000	251.000000
-2208.580078	-925.322021	-1.542010
-2224.699951	-905.258972	-3.117000
-272.000000	-2652.719971	-8.000000
240.000000	-2652.719971	-8.000000
460.720001	-2472.000000	-8.000000
460.720001	-2248.000000	-8.000000
460.720001	-2024.000000	-8.000000
460.720001	-1272.000000	-8.000000
-40.000000	-536.000000	424.000000
-464.000000	-3344.000000	296.000000
-192.000000	-3328.000000	280.000000
224.000000	-3232.000000	280.000000
0.000000	-3232.000000	280.000000
-112.000000	-3120.000000	264.000000
-16.000000	-2976.000000	216.000000
64.000000	-2784.000000	104.000000
80.000000	-2560.000000	72.000000
0.000000	-1968.000000	352.000000
-128.000000	-1664.000000	368.000000
-272.000000	-1504.000000	352.000000
-512.000000	-1524.000000	336.000000
-576.000000	-1232.000000	328.000000
-816.000000	-1520.000000	312.000000
-336.000000	-816.000000	104.000000
48.000000	-1040.000000	128.000000
-160.000000	-1072.000000	72.000000
-352.000000	-1024.000000	56.000000
-264.000000	-600.000000	272.000000
-288.000000	-480.000000	200.000000
-400.000000	304.000000	336.000000
-608.000000	400.000000	304.000000
-304.000000	-80.000000	304.000000
-320.000000	-304.000000	288.000000
64.000000	-148.000000	312.000000
832.000000	-712.000000	168.000000
880.000000	-1488.000000	40.000000
848.000000	-2096.000000	-8.000000
752.000000	-2256.000000	-24.000000
704.000000	-2160.000000	-24.000000
560.000000	-2128.000000	56.000000
224.000000	-2208.000000	280.000000
288.000000	-2000.000000	240.000000
304.000000	-1440.000000	152.000000
464.000000	-1344.000000	152.000000
688.000000	-1376.000000	56.000000
832.000000	-1216.000000	136.000000
-2214.409912	-2187.120117	-87.542000
-2234.629883	-2171.199951	-89.116997
-18.407700	-3580.110107	334.458008
-38.633801	-3564.189941	332.882996
-399.833008	-2558.100098	30.458000
-414.704987	-2537.100098	28.883101
492.210999	-1562.979980	190.457993
512.132019	-1546.680054	188.882996
970.072021	-2322.560059	39.185902
959.815979	-2298.989990	37.208599
429.039001	-2607.439941	-13.000000
409.609009	-2624.129883	-16.000000
-358.820007	-1710.250000	110.458000
-357.342010	-1735.949951	108.883003
-608.357971	-919.565002	106.525002
-607.031006	-945.297974	105.497002
275.725006	-996.335999	222.457993
267.221008	-972.041992	220.882996
23.705000	-1883.560059	80.807999
22.860100	-1857.890015	83.061996
23.687599	-1473.729980	82.118500
22.842800	-1448.349976	77.650299
-220.505997	-561.340027	-44.965099
-200.220001	-577.034973	-47.640900
551.197998	-2014.900024	158.457993
530.971985	-1998.979980	156.882996
683.781982	-797.969971	206.457993
694.541016	-774.586975	204.882996
709.620972	-1577.680054	25.952700
710.968994	-1603.359985	27.894199
565.106018	-400.559998	-30.986799
582.549988	-382.213013	-35.901299
397.630005	-922.351013	-39.055000
383.553009	-943.916992	-37.728901
381.000000	-1850.000000	-25.000000
397.000000	-1870.000000	-28.000000
0.000000	0.000000	0.000000
-136.946274	0.000000	186.031250
0.000000	0.000000	0.000000
0.000000	0.000000	0.000000
0.000000	0.000000	0.000000
0.000000	0.000000	0.000000
230.325592	0.890888	2.909926
0.000000	0.000000	0.000000
0.000000	0.000000	0.000000
0.000000	3503388717219840.000000	11339880726528.000000
3.657600	-4.064000	0.000000
-129.928024	-288.397339	10.031250
0.000000	0.000000	0.000000
0.000000	0.000000	0.000000
0.000000	0.000000	0.000000
0.000000	0.000000	0.000000
0.000000	0.000000	0.000000
-34.504890	0.000000	7.000000
0.000000	0.000000	0.002367
0.000000	0.000000	0.000000
0.000000	0.000000	0.000000
-549.670410	-1975.372070	752.072205
-450.217194	-1797.048096	777.635376
-501.901154	-1772.626099	883.207031
-560.051208	-1920.158081	886.749329
-723.715698	-2118.955322	913.171448
-777.015686	-2096.121826	770.551086
-735.492493	-1851.479492	752.072205
-689.239014	-1912.525513	913.171448
-596.195129	-1973.082764	1119.699219
